586
645
658
690
719
726
730
828
834
835
836
837
838
845
877
882
903
921
945
946
953
969
979
988
1013
1043
1096
1097
1127
1174
1190
1194
1213
1234
1236
1237
1238
1239
1240
1241
1289
1319
1325
1326
1403
1455
1507
1523
1573
1585
1692
1696
1701
1703
1705
1713
1775
1844
2026
2102
2176
2235
2366
2414
2487
2695
2724
2726
2764
2838
2843
2858
2872
2880
2890
2960
2968
2974
3005
3019
3054
3062
3070
3103
3209
3220
3249
3298
3338
3354
3457
3473
3562
3687
3698
3725
3727
3735
3753
3771
3781
3846
3856
3875
3915
3917
3931
3978
4106
4119
4122
4177
4182
4202
4211
4223
4241
4253
4386
4421
4435
4436
4482
4511
4515
4534
4575
4605
4606
4609
4630
4636
4640
4700
4722
4732
4739
4829
4835
4921
4933
4939
4992
5010
5110
5117
5123
5205
5240
5328
5343
5352
5365
5396
5499
5629
5689
5690
5691
5692
5728
5735
5828
5847
5848
5849
5850
5851
5852
5853
5854
5953
5977
5989
6056
6291
6333
6345
6359
6389
6390
6391
6392
6393
6394
6395
6396
6397
6398
6402
6428
6430
6542
6548
6587
6600
6622
6646
6651
6712
6722
6740
6741
6798
6814
6816
6820
6832
6833
6900
6909
6921
6930
6941
6958
6988
6992
7003
7004
7011
7020
7036
7041
7045
7064
7081
7120
7121
7122
7123
7268
7269
7270
7271
7272
7273
7274
7275
7276
7277
7278
7279
7280
7281
7282
7283
7284
7285
7286
7287
7288
7289
7290
7291
7292
7293
7322
7331
7372
7412
7490
7491
7515
7582
7622
7633
7688
7736
7745
7805
7809
7861
7878
7889
7890
7891
7892
7893
7894
7895
7896
7897
7970
7987
8009
8021
8065
8066
8096
8102
8144
8147
8183
8208
8226
8262
8265
8301
8302
8313
8339
8386
8465
8546
8563
8603
8608
8609
8674
8679
8680
8686
8711
8731
8735
8743
8772
8779
8785
8803
8824
8825
8827
8839
8841
8842
8855
8875
8893
8908
9022
9032
9034
9067
9090
9091
9121
9127
9225
9230
9234
9247
9249
9259
9268
9275
9290
9293
9307
9359
9361
9372
9398
9428
9449
9481
9501
9510
9520
9521
9522
9523
9524
9525
9526
9527
9528
9529
9530
9531
9532
9533
9534
9535
9536
9537
9538
9539
9552
9627
9689
9717
9724
9822
9835
9836
9837
9858
9865
9873
9880
9882
9945
9951
9954
10073
10097
10112
10132
10252
10276
10294
10295
10296
10305
